75
0
3
2
1
0
0
0
0
0
0
0
0
0
0
0
0
0
0
0
0
1
0
0
0
0
0
0
0
0
0
0
0
0
0
0
0
1
0
0
1
0
0
0
0
0
0
0
0
0
0
0
0
0
0
0
0
0
0
0
0
0
0
0
0
0
0
0
0
1
0
0
0
0
0
0
0
0
0
0
0
0
0
0
0
1
0
0
1
0
0
0
0
0
0
0
0
0
0
0
0
0
0
0
0
0
0
0
0
0
0
0
0
0
0
0
0
0
0
0
0
0
0
0
0
0
0
0
0
0
0
0
0
11
0
0
128
1
11
128
0
0
1
16
128
0
0
1
29
128
128
0
2
-1
-1
0
0
0
0
-1
0
0
0
0
-1
0
0
0
0
-1
0
0
0
0
-1
0
0
0
0
6
0
0
128
1
8
0
0
128
1
-1
0
0
0
0
19
128
128
0
1
12
128
128
0
1
7
128
128
0
1
13
128
128
0
1
-1
0
0
0
0
20
128
0
0
1
-1
0
0
0
0
-1
0
0
0
0
28
0
29
1
30
0
31
0
32
0
33
0
-1